[descriptive data]
title	JP2019-152887 Example 3 (Nikon AF-S Nikkor 400mm f/2.8 E FL ED VR)
[constants]
[variable distances]
Focal Length	392.00	undefined
Angle of View	6.28	undefined
F-Number	2.89	undefined
Image Height	43.26	43.26
Total Length	396.91	396.91
Magnification	0	-0.173
d0	Infinity	2203.010
d11	18.503	33.773
d16	38.179	22.909
Bf	74.220	73.906
Aperture Diameter	37.958	37.958
[lens data]
1	1200.3704	5.00	1.51680	139.22	64.14
2	1199.7897	1.00		139.22	
3	207.0795	17.50	1.43384	137.22	95.26
4	-1127.5309	44.90		137.22	
5	175.9698	18.00	1.43384	115.22	95.26
6	-397.2708	3.07		115.22	
7	-360.2396	6.00	1.61266	110.72	44.46
8	353.1837	90.00		110.72	
9	66.4844	4.00	1.79500	69.22	45.31
10	45.9182	15.00	1.49782	63.22	82.57
11	1114.1067	d11		63.22	
12	2992.5492	2.50	1.75500	48.22	52.34
13	118.0399	3.35		46.72	
14	-241.6942	3.50	1.84668	46.72	23.83
15	-86.4136	2.40	1.53996	46.72	59.52
16	64.2643	d16		46.72	
17	AS	1.50		37.958
18	90.0336	7.60	1.48749	38.72	70.31
19	-63.8039	1.20		38.72	
20	-65.9768	1.90	1.84668	36.72	23.83
21	-114.8763	5.00		36.72	
22	300.3587	3.50	1.84668	36.72	23.83
23	-128.0558	1.90	1.59319	36.72	67.90
24	53.9004	3.10		36.72	
25	-347.5421	1.90	1.75500	34.72	52.34
26	94.5337	4.19		34.72	
27	118.3533	3.50	1.77250	33.72	49.62
28	-384.3825	0.10		33.72	
29	67.4622	4.50	1.64000	34.22	60.14
30	-340.4206	1.90	1.84668	34.22	23.83
31	246.6417	6.50		34.22	
32	Infinity	1.50	1.51680	35.72	64.14
33	Infinity	Bf		35.72	
[figure]
source	Data/JP2019-152887_Figure05P.png
originX	39
originY	324.5
ppmm	3.942
[notes]
Vraious corrections made based on Hikari glass catalogue