[descriptive data]
title	US 2020/0049962 Example 1 (Nikon AF-S Nikkor 80-400mm f/4.5-5.6G ED VR)
[constants]
[variable distances]
Focal Length	81.6	200.0	392.0
Angle of View	29.6	12.1	6.2
F-Number	4.56	5.38	5.85
Image Height	43.2	43.2	43.2
Total Length	246.4	283.4	302.5
Magnification	0	0	0
d0	Infinity	Infinity	Infinity
d5	8.225	45.191	64.292
d13	27.059	15.341	3.056
d18	5.388	17.106	29.391
d21	26.684	11.153	2.382
Bf	52.8	68.3	77.1
[lens data]
1	182.816	2.50	1.90265	75.12	35.7
2	92.566	10.00	1.49782	73.85	82.6
3	-707.416	0.10		73.85	
4	83.365	9.20	1.43700	72.41	95.0
5	1420.361	d5		72.41	
6	117.082	6.40	1.80100	48.15	34.9
7	-117.044	2.20	1.49782	46.88	82.6
8	61.183	5.81		39.53	
9	-265.081	2.00	1.81600	36.35	46.6
10	30.785	4.60	1.80518	33.47	25.5
11	92.264	6.20		33.47	
12	-56.342	2.00	1.83481	31.88	42.7
13	158.965	d13		33.32	
14	112.252	4.60	1.59319	33.64	67.9
15	-78.685	0.10		33.64	
16	67.612	1.80	1.90366	33.64	31.3
17	35.499	6.40	1.59319	33.17	67.9
18	-238.177	d18		33.17	
19	-58.467	1.60	1.72916	27.58	54.6
20	38.999	3.60	1.90265	27.58	35.7
21	146.900	d21		27.58	
22	AS	2.00		26.399
23	124.142	3.40	1.74400	29.04	44.8
24	-124.142	0.10		29.04	
25	26.615	6.80	1.48749	28.31	70.3
26	Infinity	2.00	1.95000	26.89	29.4
27	26.437	4.80	1.51742	25.66	52.2
28	Infinity	17.60		25.66	
29	176.178	6.00	1.64769	24.44	33.7
30	-19.703	1.60	1.60300	24.44	65.4
31	Infinity	11.27		24.44	
32	-22.131	1.60	1.83481	24.85	42.7
33	-33.748	Bf		25.77	
[figure]
source	Data/US20200049962_Figure01P.png
originX	3.34
originY	66.76
ppmm	1.222
[notes]
