[descriptive data]
title	US 2019/0353880 Example 1 (Nikon AF-P Nikkor 70-300mm f/4.5-5.6E ED VR)
[constants]
[variable distances]
Focal Length	72.1	100.0	292.0	undefined	undefined	undefined
Angle of View	33.96	24.48	8.44	undefined	undefined	undefined
F-Number	4.49	4.86	5.88	undefined	undefined	undefined
NA	undefined	undefined	undefined	0.11	0.10	0.08
Image Height	43.20	43.20	43.20	43.20	43.20	43.20
Total Length	190.13	205.07	245.82	190.13	205.07	245.82
Magnification	0	0	0	-0.03333	-0.03333	-0.03333
d0	Infinity	Infinity	Infinity	2102.21	2912.89	8563.00
d5	6.204	21.150	61.895	6.204	21.150	61.895
d13	30.000	22.666	2.000	30.000	22.666	2.000
d25	2.180	3.742	3.895	2.837	4.562	5.614
d29	21.418	19.856	19.703	20.761	19.036	17.984
Bf	39.12	46.45	67.12	39.12	46.45	67.12
[lens data]
1	109.487	4.6	1.48749	54.22	70.31
2	Infinity	0.2		54.22	
3	101.180	1.8	1.62004	50.98	36.40
4	49.811	7.2	1.49700	49.44	81.61
5	385.817	d5		49.44	
6	176.019	1.7	1.69680	33.90	55.52
7	31.368	5.15		33.90	
8	32.609	5.5	1.78472	29.12	25.64
9	-129.763	1.447		29.12	
10	-415.411	1.3	1.77250	25.54	49.62
11	34.308	4.3		25.54	
12	-33.150	1.2	1.85026	24.18	32.35
13	-203.564	d13		24.18	
14	70.904	1.2	1.80100	25.88	34.92
15	30.279	5.9	1.64000	25.88	60.20
16	-70.140	1.5		25.88	
17	34.089	6.0	1.48749	26.22	70.31
18	-42.611	1.3	1.80610	25.72	40.97
19	401.256	2.7		25.72	
20	AS	14.11		23.219
21	350.000	1.2	1.83400	24.52	37.18
22	30.159	4.8	1.51680	24.52	63.88
23	-94.991	0.2		24.52	
24	66.324	2.8	1.80100	24.68	34.92
25	-132.512	d25		24.68	
26	-92.100	2.2	1.80518	22.48	25.45
27	-44.009	6.5		22.48	
28	-36.970	1.0	1.77250	19.78	49.62
29	68.335	d29		19.78	
30	-24.500	1.4	1.62004	26.34	36.40
31	-41.152	0.2		28.18	
32	106.000	3.8	1.67003	33.16	47.14
33	-106.000	Bf		33.16	
[figure]
source	Data/US20190353880_Figure01P.png
originX	11.78
originY	194.64
ppmm	4.240
[notes]
Bill: d0 and Magnification not specified. Magnification appears to be -1/30
