[descriptive data]
title	JP 2020-177057 Example 1 (Nikon AF-S Nikkor 120-300mm f/2.8E FL ED SR VR)
[constants]
[variable distances]
Focal Length	123.6	200.0	291.0
Angle of View	19.57	12.08	8.29
F-Number	2.91	2.91	2.91
Image Height	43.26	43.26	43.26
Total Length	341.224	341.224	341.223
Magnification	0	0	0
d0	Infinity	Infinity	Infinity
d5	5.114	39.909	66.471
d15	62.916	28.122	1.560
d23	21.244	17.600	18.669
d28	5.968	9.611	8.542
Bf	54.819	54.819	54.819
[lens data]
1	321.6694	5.200	1.902650	101.62	35.77
2	151.6070	13.400	1.497820	99.22	82.57
3	-748.4933	0.100		99.22	
4	135.4106	13.200	1.433843	98.42	95.27
5	Infinity	d5		98.42	
6	124.3594	7.600	1.720467	70.94	34.71
7	1981.8668	12.972		70.94	
8	275.6157	4.700	1.717360	55.74	29.53
9	-275.4600	2.850	1.696800	54.42	55.52
10	109.0902	3.124		50.47
11	-1986.3568	2.650	1.804000	50.47	46.60
12	57.1400	3.700	1.755750	48.54	24.71
13	86.0604	6.757		47.48
14	-84.2865	2.500	1.870705	47.48	40.73
15	-651.8818	d15		48.54	
16	605.0183	4.700	1.755000	50.36	52.34
17	-156.1367	0.100		50.36	
18	88.3742	6.800	1.433843	49.86	95.27
19	-277.5645	1.626		49.86	
20	-115.6316	4.700	1.654130	49.00	39.72
21	88.6408	1.061		49.00	
22	123.7096	5.300	1.910820	49.00	35.25
23	-404.2232	d23		49.00	
24	Infinity	4.000	1.804000	46.96	46.60
25	-118.3357	0.100		46.96	
26	63.0226	6.800	1.593490	43.88	67.00
27	-199.1380	1.800	1.846660	43.54	23.82
28	199.0110	d28		43.54	
29	-145.6141	1.900	2.001000	36.72	29.12
30	91.0903	5.002		36.72	
31	AS	8.000		34.295
32	375.1468	5.000	1.729160	36.10	54.61
33	-83.7956	3.919		36.10	
34	368.0922	2.000	1.870705	34.18	40.73
35	93.4714	2.746		34.18	
36	-148.9288	3.600	1.805180	33.96	25.41
37	-54.3370	1.900	1.516800	33.96	64.14
38	107.7701	5.617		33.96	
39	FS	8.829		34.00
40	79.6090	4.400	2.001000	38.44	29.12
41	-1873.4336	0.782		38.44	
42	64.0354	3.000	1.804000	38.66	46.60
43	33.6090	10.000	1.487490	36.74	70.31
44	-77.3539	6.728		36.74	
45	-70.8535	2.000	1.900430	34.60	37.38
46	224.4950	Bf		34.60	
[figure]
source	Data/JP2020-177057_Figure01WP.png
originX	20.40
originY	165.47
ppmm	2.105
[notes]
