[descriptive data]
title	JP2014-209144 Example 2 (Nikon AF-S Nikkor 200-500mm f/5.6E ED VR)
[constants]
[variable distances]
Focal Length	205.0431	299.9821	486.9688	175.7064	225.0670	280.4931
Angle of View	11.80	undefined	4.98	undefined	undefined	undefined
F-Number	4.62	5.24	5.78	undefined	undefined	undefined
Image Height	43.266	43.266	43.266	43.266	43.266	43.266
Total Length	undefined	undefined	undefined	undefined	undefined	undefined
Magnification	0	0	0	-0.1008	-0.1458	-0.2266
S	Infinity	Infinity	Infinity	2200.0000	2200.0000	2200.0000
d0	Infinity	Infinity	Infinity	1890.0000	1858.1924	1814.6227
d5	52.0770	83.8845	127.4543	52.0770	83.8845	127.4543
d16	23.8204	10.7208	2.0000	23.8204	10.7208	2.0000
d19	1.5000	8.8128	12.3467	1.5000	8.8128	12.3467
d24	32.6377	23.5524	4.9613	32.6377	23.5524	4.9613
d25	8.2078	11.1530	5.8667	13.6845	21.5022	26.1835
d28	19.8179	31.7449	60.8092	14.3413	21.3957	40.4924
Bf	54.3185	54.3185	54.3185	54.3185	54.3185	54.3185
Aperture Diameter	28.093	28.125	28.121	28.093	28.125	28.121
[lens data]
1	436.4287	3.0000	1.80400	91.66	46.60
2	122.1130	11.5000	1.49782	91.66	82.57
3	-605.0947	0.3000		91.66	
4	125.4694	11.0000	1.49782	91.02	82.57
5	-1875.0633	d5		91.02	
6	-496.2416	4.1000	1.60342	38.54	38.01
7	-61.4135	1.5000	1.72916	38.54	54.67
8	132.4791	5.1000		38.54	
9	-188.3876	1.5000	1.51742	38.54	52.15
10	46.2336	3.8000	1.80518	38.54	25.46
11	99.3055	2.0000		38.54	
12	-411.8858	1.7000	1.74330	38.54	49.22
13	143.7588	3.0000		38.54	
14	153.9724	9.5000	1.60738	41.42	56.82
15	-32.5888	1.7000	1.65844	41.42	50.85
16	-200.7252	d16		41.42	
17	121.8569	1.7000	1.90366	49.10	31.31
18	73.6444	10.0000	1.48749	49.10	70.44
19	-63.3839	d19		49.10	
20	524.0060	7.6000	1.49700	47.82	81.61
21	-54.0683	1.7000	1.83400	47.82	37.34
22	-164.5813	0.2000		47.82	
23	69.2565	4.3000	1.74330	46.22	49.22
24	203.8076	d24		46.22	
25	AS	d25		28.093
26	151.8781	3.1000	1.64769	27.66	33.84
27	-106.5949	1.1000	1.72916	27.66	54.67
28	44.3402	d28		27.66	
29	-96.2691	5.0000	1.58144	34.80	40.89
30	-43.4021	21.0392		34.80	
31	-40.3878	1.5000	1.83481	33.52	42.72
32	-68.1862	Bf		33.52	
[figure]
source	Data/JP2014-209144_Figure05P.png
originX	34
originY	302
ppmm	5.368
[notes]
Bill: CLS Magnification computed.
