[descriptive data]
title	JP2016-139125 Example 1 (Leica APO-Vario-Elmarit-SL 90-280 f/2.8-4)
[constants]
[variable distances]
Focal Length	92.2864	158.6671	272.9028	undefined	undefined	undefined
Angle of View	26.3892	15.2300	8.8354	undefined	undefined	undefined
F-Number	2.90761	3.28448	4.10547	undefined	undefined	undefined
Image Height	43.2600	43.2600	43.2600	43.2600	43.2600	43.2600
Total Length	undefined	undefined	undefined	undefined	undefined	undefined
Magnification	0	0	0	-0.07109	-0.11682	-0.18984
d0	Infinity	Infinity	Infinity	1200	1200	1200
d6	1.1675	29.0997	53.3278	1.1675	29.0997	53.3278
d16	61.1833	29.6605	1.0000	61.1833	29.6605	1.0000
d18	1.0000	4.5905	9.0230	1.0000	4.5905	9.0230
d33	2.5391	6.8311	2.5000	4.3347	12.5970	19.5673
d36	23.6362	24.1859	34.8950	20.6573	15.6675	12.2099
d38	14.0722	9.2305	2.8526	15.2555	11.9830	8.4703
Bf	31.0184	31.0184	31.0184	31.0184	31.0184	31.0184
P	105.80	undefined	257.10	undefined	undefined	undefined	undefined
Aperture Diameter	35.894	32.916	26.887	35.894	32.916	26.887
[lens data]
1	178.6679	2.4000	1.90366	69.74	31.3
2	88.7307	1.0247		67.38	
3	88.7307	9.6783	1.43700	67.30	95.1
4	-590.4004	0.2000		67.30	
5	88.4008	8.2889	1.43700	66.42	95.1
6	-1630.1959	d6		66.42	
7	293.1087	4.0502	1.84666	54.06	23.8
8	-307.2496	2.2116		54.06	
9	246.3056	1.8000	1.59349	46.90	67.0
10	55.0284	3.0361	1.69895	43.00	30.0
11	90.9059	2.8838		43.00	
12	2761.1514	1.6000	1.59349	41.20	67.0
13	106.4404	5.7845		38.22	
14	-70.1362	1.5000	1.72916	37.62	54.7
15	76.0061	2.2385	1.78472	36.12	25.7
16	158.6379	d16		35.62	
17	70.8988	6.4593	1.83481	43.66	42.7
18	-183.8522	d18		43.66	
19	44.7119	4.3261	1.43700	40.28	95.1
20	108.2417	5.4981		40.28	
21	AS	2.5000		35.894
22	346.1034	3.7460	1.49700	33.88	81.6
23	-68.3248	1.3000	2.00100	33.88	29.1
24	40.8325	2.5862		32.06	
25	69.5973	1.3000	1.80610	32.48	33.3
26	42.1581	6.5907	1.48749	32.48	70.4
27	-83.4053	0.2000		32.96	
28	77.8769	3.5765	1.71300	33.18	53.9
29	-257.0857	1.3569		33.18	
30	FS	5.0472		32.20	
31	-49.6473	1.3000	1.51823	32.20	59.0
32	36.3600	7.9223	1.62041	32.20	60.3
33	-48.7369	d33		27.92	
34	-149.8327	2.7305	1.80518	27.92	25.5
35	-41.7039	0.8000	1.58144	27.92	40.9
36	38.5636	d36		27.92	
37	143.6137	4.6416	1.84666	36.94	23.8
38	-81.0021	d38		37.82	
39	-65.4499	1.5000	1.72342	37.82	38.0
40	48.7669	3.0912		37.94	
41	45.2665	8.2138	1.62041	44.26	60.3
42	Infinity	Bf		44.26	
[figure]
source	Data/JP2016-139125_Figure01P.png
originX	12.06
originY	216.01
ppmm	4.575
[notes]
Bill: Magnification measured. P from Leica specification adjusted for L mount FFD of 20mm.
